overall_cer: 0.38822766079630117
overall_wer: 0.5859224777810338
overall_accuracy: 51.292493071133244
total_images: 36
