overall_cer: 0.33056564334010696
overall_wer: 0.5468431750830809
overall_accuracy: 56.12955907884061
total_images: 36
