overall_cer: 0.32718154141188266
overall_wer: 0.5416532559990789
overall_accuracy: 56.55826012945192
total_images: 36
