overall_cer: 0.3291551047299419
overall_wer: 0.5469294108827766
overall_accuracy: 56.195774219364075
total_images: 36
