overall_cer: 0.397083299807521
overall_wer: 0.5760751373775871
overall_accuracy: 51.342078140744604
total_images: 36
